                                                                                              1100
                                                               11101                        01000101                        10000
                                 101100                      01101000001                 01011011000001                 1101111###                      111101
                               10011100                    10001100101001           00 100111011010100010 11           001110101####                    11000110
                        11    000010100   00010          1011001000001110101101001111011001110110001101101001001001110010101000#######          10101   001101100    01
                      1011   000110100001101011001000  0010101011010011110110011101100011001010010010011101101010011011001010###########  001011000110100000101011   0110
                    0000111 011111010111100100111011 000110010100100100111001010100010110011101  010011011000011#0110001101000############ 001011000110100000101011 1001000
                   11001010 0100100111011010100010 11001010101000   101100011011000010100000        1010110010000011101011##   ############## 0010001101101001001001 11001010
                   1000101100111010100010110000   1011000010100          001101011011                      000001010111          1101011110010   0111001000110010100101100111
             0    1101010001011001010101       00110110000101                                                                      10001101000011       0101100100000111010110    1
            0011  1100100111001000110110100 1 0110011101101                                                                          0100110110011 1 0101000101100001011000110  1000
           0110101101100000111010110100111101100111011000                                                                              1100101001011001110010101000101100101010100110
          110001101100001010000010101101100000111010110                                                                                  100111100100111001000110110100100100111001010
          1001101100101010100010110   0 0010110000101                                                                                      0000110101101 1   0000010101111101011110010
          011100100011001010010110   01110110101000               10110010101010011011000010110001101000010#######100000111010               11010011110010   011100100011011010010110
     0 1  1101101010011011001110     101001101100                 0010110001101000001010110010000010101011######11011001110010                 001100101001     0110011100101010011011  0 0
     1010  10100110110001101         100001010000                 01010110110000010101111101011110110011######0110110100100100                 111001010100         11011001010101000  1011
    000010110001101000011010          110010000010                101011010011110010011101100011001010######011101101010001011                001010101001          101100011011000110100001
    10101100100000111010110            100111100100               1110110001100101001011001110110101######10011101010011011000               010110001101            00000101011001000001010
    101101001111011001110               010001100101              001011001110                                    110101001101              100101010100               010110001101100001010
    00001010110110000011                 10111110101              111011001110                                    010001101101              00100100111                 00101010011011001010
     101000101100011011                   00001010000             110101100100                                    ###101010110             10011110110                   011101100011011010
  0   10110011101101010                   01101100101             010100110110                                    00010#100001             01000001010                   11001000001110111   1
101011 110010011100100                    01101101001             011001110010                                    #01001101100             11101010011                    011000010110000 101000
 01101011011000001110                     11111010111             101100111011                                    000110010100             10010011101                     10101001101100101010
 10011011000110110001                     10100000101             011001000001                                    110111110101             11100100111                     01100011011010010110
  0111001010100110110                    01010101000              101100001011                                    000010100001              10101100100                    0001010101101001111
  0010011101100011001                   010010110011              101101010001                                    011001010101              001101100011                   0110000101000011010
    11001000001110101                  101001111001               001110110001                                    100101001001               001110010101                  00110110011101010
0 0  101100001011000                  110100000101                011011000001010101101001111011001110010001100101001011001110                010101000101                  100101010100010  1 1
0001101 1000010100000                101011011000                 001010111110101111001001110010001101101001001001110010101000                 101100111010                1000101100011 0110000
 101000011010110110000               01010101101                  001111011001110110001100101001011001110110101001101100101010                  10001011000               110110001101000011010
 110110000011101111101              01111001001                   110010001101101001011001110010101001101100111010100110110000                   10110000101              000011010110110000010
  101111101011110110011             10010001101                  10100100100111001010100010110010101010001011000110110000101000                  00101011011             000001010111110101111
    0110011100100011011             0100100100                  1110010101001101100101010100010110000101100011010000110101100100                  0001010111             1101011110110011100
      100011011010010110            0111011010                  1000101100101010100110110001101100001010000110101100100000111010                  1101001111            001001110010001100
      10 1001011001110110           1010011011                 001110101001101100001011000110100000101011001000001010111110101111                 0110011100           1000110010100101 10
   01110010101001101100111          0101001101                10001101100001010000010101100100000111010110100111101100111011000110                1101001001          00111001010100110110010
    10101000101100011011000         0101000011               0101100100000101011111010111100100111001000110110100101100111011010100               1101100101         01010011011000110110001
      10100001101011011000001       11010110100              1111001001110010001101101001001001110010101000101100111010100010110000              10110000101       00001101011001000001010
        10110100111101100111001     00011001010             010010011101101010001011001010101000101100011011000110100000101011011000             00101010110     10011110010011101100011
           0110100100100111001010    10011011001           01010100110110001101100001010000110101100100000101010110100111101100111011           00011011010    0101100111011010100010
              110  01010101001101100 01101100011           01000011010110010000011101111101011110010011101100011001010010010011100101           01001101100 11101010001011000  010
          1 1000110100001101011001000001010101101         0011110110011100100011001010010110011100101010001011001010101000101100011011         0001101000001010110110000010101011010 0
           111100100111011000110110100100100111001                             01              01              00                             110110010101010011011000010110001101000
             011010110010000010101011010011110110011                          1011            0001            1011                          010010110011101101010011011001010101001
                10110000101100001010000010101100100000                  111010110100111100100111011000110010100101100111                  00101010011011001110101000101100001011
                       0001101000001010110110000011101011                 010011110110    011100100011    001010010110                 0111001010100010110010101010011011
                     000110110000101000001010110010000010101               1111010111      1001001110      1100011011               010010010011100101010011011001110101001
                     10110001101100001010000110101100100000101011          1110  1011      1100  1001      1101  1000          11011010010010011101101010011011001010101001
                       1011000010110     000101000001010110010000011101   01        10    10        01    11        10   010011101100011011010010110011     1001010100010
                                      1 100111010100010110000101100011010000                                        110101101100000111010110100111101100 1
                                   1 1001000110010100101100111001010100010110011                                1010100010110001101100001010000010101100100 0
                                   0011101111101011110110011101100011011010010110011                        1001010100110110010101010001011000010110000101000
                                   01101011     011000001010101101001111011001110110001 1              0 010100101100111011010100110110010101010      0010110
                                   0011011  000110100    001101011011000001110111110101111            0010011100100011011010010110011100    1010  10   011011
                   00111010     10 01101100     0010   11  0000101000011010110110000010101111      10101111011001110110001100101001      01  100      1110010 10     10001011
                    0010101010001011000110 1100  00  1  01000     00101011011000001010101101001  111001001110110001101101001     00  10  01   11  00101010011011001110101000
                      10110001101100001010      00    011010  110 0100  0001010101101001111001001110110001101101001011001110  11  0  1010001011001010101000101100011011000
                       01010000110101101100000111011   1101  0111100    10  011100100011011010010110011100101010011      011       00111010100110110000101100001010000110
                        1011011000001110111110101111011001110    110   00  1100     101001001001110110101001101100  10101010  011011000110110001101000001010110010000011
                         1011111010111100         1001110110001101101     0010  01  0011  10      11  010  1000101   100  10101010001011000010         1100001010000110
                        10110010000010101              1111010111100100111011      0001  10110  10010     0100111011    01010001011001010              10100110110000101
                      100001010000010101101                 1000001110101101  001   111  00101  1110110   00110110100100100111011010                 100110110011101010001
                     0110000101100011010000110101100100000       111010110100111101100  111001  00011001  0100100100111001010100      1101100111010100110110001101100011010
                   000010101101100000101010110100111100100111         0110001101101001001001110010101001101100101010100110         110001101100011010000110101100100000101010
                  1101001111011001110010001101101001011001110               1101010001011001010101001101100001011000               0101000011010110010000011101011010011110010
                                               011101100011                             0010100100100111                             011010100110
